camera_matrix:
  cols: 3
  data: [478.840951215606, 0.0, 327.4955745934575, 0.0, 477.94460802302086, 239.3050151016773, 0.0, 0.0, 1.0]
  rows: 3
camera_name: realsense
distortion_coefficients:
  cols: 5
  data: [-0.09959458546628204, -0.1563920763034739, -0.0008875071080167073, -0.0010978962665462615, 0.16761142320507236]
  rows: 1
distortion_model: plumb_bob
image_height: 480
image_width: 640
projection_matrix:
  cols: 4
  data: [445.32989501953125, 0.0, 327.7767122860496, 0.0, 0.0, 461.1513366699219, 238.86641777907244, 0.0, 0.0, 0.0, 1.0, 0.0]
  rows: 3
rectification_matrix:
  cols: 3
  data: [1.0, 0.0, 0.0, 0.0, 1.0, 0.0, 0.0, 0.0, 1.0]
  rows: 3
