camera_matrix:
  cols: 3
  data: [1369.4165010823037, 0.0, 972.123052380583, 0.0, 1370.0883167988718, 536.1549388731805, 0.0, 0.0, 1.0]
  rows: 3
camera_name: realsense
distortion_coefficients:
  cols: 5
  data: [0.1526141330569734, -0.44840363342364026, 0.0024118658967367946, -0.0019577023134784008, 0.3728794169379464]
  rows: 1
distortion_model: plumb_bob
image_height: 1080
image_width: 1920
projection_matrix:
  cols: 4
  data: [1387.7630615234375, 0.0, 967.6664442275796, 0.0, 0.0, 1393.6751708984375, 538.0499611975029, 0.0, 0.0, 0.0, 1.0, 0.0]
  rows: 3
rectification_matrix:
  cols: 3
  data: [1.0, 0.0, 0.0, 0.0, 1.0, 0.0, 0.0, 0.0, 1.0]
  rows: 3
